# DATA=SAXS PRIOR=GAUSS
  0.005989  49.607490   1.745637
  0.006459  49.500840   0.650764
  0.006930  48.969230   0.557638
  0.007400  48.888730   0.507489
  0.007871  48.481110   0.467058
  0.008341  48.700120   0.436830
  0.008812  49.092430   0.412774
  0.009282  49.197640   0.391063
  0.009753  48.886180   0.370382
  0.010223  48.590270   0.354739
  0.010694  48.344030   0.340829
  0.011164  48.303260   0.328356
  0.011635  48.186910   0.316115
  0.012105  48.500500   0.306405
  0.012576  48.320480   0.297479
  0.013046  47.832760   0.289694
  0.013517  47.812250   0.282326
  0.013987  47.859800   0.275587
  0.014458  47.595460   0.269168
  0.014928  47.432430   0.263062
  0.015399  47.365120   0.257350
  0.015869  47.142680   0.251983
  0.016340  47.017820   0.247101
  0.016810  46.947790   0.242551
  0.017281  46.819080   0.238239
  0.017751  46.457130   0.233796
  0.018222  46.170500   0.230008
  0.018692  45.945390   0.226419
  0.019163  45.994840   0.223274
  0.019633  45.845640   0.219618
  0.020104  45.426030   0.216142
  0.020574  45.116450   0.213051
  0.021045  44.677070   0.210030
  0.021515  44.421940   0.207083
  0.021986  44.436290   0.204620
  0.022456  44.398860   0.202291
  0.022926  44.088780   0.199745
  0.023397  43.835010   0.196886
  0.023867  43.703070   0.194521
  0.024338  43.370240   0.192234
  0.024808  42.984330   0.189930
  0.025279  42.831560   0.187701
  0.025749  42.625700   0.185460
  0.026220  42.344150   0.183198
  0.026690  42.212060   0.181384
  0.027161  41.848030   0.179600
  0.027631  41.413640   0.177434
  0.028102  41.134720   0.175748
  0.028572  41.142550   0.174604
  0.029043  41.146830   0.175324
  0.029513  40.805260   0.176480
  0.029984  40.387730   0.176730
  0.030454  40.005870   0.176541
  0.030925  39.673330   0.176227
  0.031395  39.443760   0.175819
  0.031866  39.189030   0.175179
  0.032336  38.866580   0.174531
  0.032807  38.640270   0.173924
  0.033277  38.357040   0.173092
  0.033748  38.043180   0.172340
  0.034218  37.740390   0.171671
  0.034689  37.456730   0.170962
  0.035159  37.197940   0.170762
  0.035630  37.130220   0.173495
  0.036100  36.836490   0.175882
  0.036571  36.419680   0.177317
  0.037041  35.942150   0.178208
  0.037512  35.827730   0.178969
  0.037982  35.580650   0.179628
  0.038453  35.306790   0.180393
  0.038923  34.725100   0.180686
  0.039394  34.560730   0.180785
  0.039864  34.355410   0.181053
  0.040335  33.940370   0.181677
  0.040805  33.494600   0.181600
  0.041276  33.258840   0.181420
  0.041746  32.940610   0.181199
  0.042217  32.500990   0.180944
  0.042687  32.339780   0.180788
  0.043158  32.315630   0.181127
  0.043628  31.871590   0.181228
  0.044099  31.338210   0.180904
  0.044569  31.164110   0.180560
  0.045040  31.032140   0.180951
  0.045510  30.647360   0.185040
  0.045981  30.336690   0.189215
  0.046451  30.022240   0.192222
  0.046922  29.418510   0.194397
  0.047392  29.022810   0.196292
  0.047863  28.864270   0.198259
  0.048333  28.660050   0.199927
  0.048804  28.408990   0.201463
  0.049274  28.282530   0.203040
  0.049745  27.844340   0.204294
  0.050215  27.311750   0.205506
  0.050686  27.192190   0.206853
  0.051156  26.850840   0.207819
  0.051627  26.384490   0.206730
  0.052097  26.292960   0.199904
  0.052568  26.058310   0.194465
  0.053038  25.802080   0.191019
  0.053509  25.554050   0.188375
  0.053979  25.152400   0.186040
  0.054450  24.642600   0.184066
  0.054920  24.395260   0.182298
  0.055391  24.035400   0.180435
  0.055861  23.739510   0.179228
  0.056332  23.550170   0.177898
  0.056802  23.218150   0.176483
  0.057273  22.825130   0.175171
  0.057743  22.486660   0.173677
  0.058214  22.342990   0.172063
  0.058684  22.073780   0.170443
  0.059155  21.450030   0.168254
  0.059625  21.166410   0.166751
  0.060096  21.119200   0.165633
  0.060566  20.912030   0.164291
  0.061037  20.506560   0.162623
  0.061507  20.235080   0.161110
  0.061978  19.887180   0.159702
  0.062448  19.607080   0.158472
  0.062919  19.402120   0.157504
  0.063389  19.101260   0.156648
  0.063860  18.791250   0.155881
  0.064330  18.661560   0.155210
  0.064801  18.347160   0.154450
  0.065271  18.058940   0.153644
  0.065742  17.727910   0.152986
  0.066212  17.483650   0.152335
  0.066683  17.426220   0.151767
  0.067153  17.212350   0.150932
  0.067624  16.790910   0.150229
  0.068094  16.521150   0.149584
  0.068565  16.295020   0.149096
  0.069035  15.966540   0.148311
  0.069506  15.779440   0.147416
  0.069976  15.656990   0.146865
  0.070447  15.395330   0.146408
  0.070917  15.016780   0.145676
  0.071388  14.780400   0.144940
  0.071858  14.682430   0.144415
  0.072329  14.306390   0.143770
  0.072799  14.041410   0.143001
  0.073270  13.884880   0.142368
  0.073740  13.616980   0.141797
  0.074211  13.372950   0.141173
  0.074681  13.192520   0.140636
  0.075152  12.926110   0.139997
  0.075622  12.669930   0.139471
  0.076093  12.569350   0.139040
  0.076563  12.281440   0.138262
  0.077034  11.959270   0.137563
  0.077504  11.837760   0.137091
  0.077975  11.609680   0.136467
  0.078445  11.400200   0.135876
  0.078916  11.241890   0.135469
  0.079386  11.044880   0.134823
  0.079857  10.871800   0.134147
  0.080327  10.830910   0.133804
  0.080798  10.526290   0.133395
  0.081268  10.159680   0.132633
  0.081739   9.967131   0.132154
  0.082209   9.703903   0.131499
  0.082680   9.656690   0.131086
  0.083150   9.532321   0.130708
  0.083621   9.425584   0.130246
  0.084091   9.179436   0.129784
  0.084562   8.932577   0.129332
  0.085032   8.648728   0.226726
  0.085503   8.621838   0.100191
  0.085973   8.531048   0.074498
  0.086444   8.334193   0.069324
  0.086914   8.175352   0.069008
  0.087385   8.024519   0.068629
  0.087855   7.941815   0.068427
  0.088326   7.757109   0.068194
  0.088796   7.505715   0.067822
  0.089266   7.391997   0.067564
  0.089737   7.294335   0.067344
  0.090207   7.092740   0.067065
  0.090678   6.887615   0.066803
  0.091148   6.736691   0.066550
  0.091619   6.666906   0.066392
  0.092089   6.480920   0.066105
  0.092560   6.366044   0.065802
  0.093030   6.209410   0.065595
  0.093501   6.026268   0.065367
  0.093971   5.874956   0.065101
  0.094442   5.819490   0.064914
  0.094912   5.709223   0.064746
  0.095383   5.676021   0.064544
  0.095853   5.480531   0.064287
  0.096324   5.295318   0.064042
  0.096794   5.216390   0.063377
  0.097265   5.126477   0.065013
  0.097735   5.060485   0.167413
  0.098206   4.881274   0.027753
  0.098676   4.773343   0.027623
  0.099147   4.677950   0.027493
  0.099617   4.566598   0.027364
  0.100088   4.463764   0.027248
  0.100558   4.364736   0.027112
  0.101029   4.255335   0.026970
  0.101499   4.171249   0.026853
  0.101970   4.050263   0.026721
  0.102440   3.954300   0.026597
  0.102911   3.865905   0.026472
  0.103381   3.785069   0.026366
  0.103852   3.691159   0.026252
  0.104322   3.616337   0.026151
  0.104793   3.516652   0.026038
  0.105263   3.416899   0.025910
  0.105734   3.344192   0.025798
  0.106204   3.273281   0.025695
  0.106675   3.194295   0.025578
  0.107145   3.093705   0.025467
  0.107616   3.026760   0.025375
  0.108086   2.968848   0.025281
  0.108557   2.901846   0.025341
  0.109027   2.833738   0.033006
  0.109498   2.776647   0.055667
  0.109968   2.703187   0.032117
  0.110439   2.629847   0.024784
  0.110909   2.560977   0.024655
  0.111380   2.506780   0.024542
  0.111850   2.432772   0.024424
  0.112321   2.367473   0.024323
  0.112791   2.316028   0.024227
  0.113262   2.256059   0.024127
  0.113732   2.188489   0.024008
  0.114203   2.124280   0.023900
  0.114673   2.095267   0.023821
  0.115144   2.064177   0.023737
  0.115614   1.991584   0.023617
  0.116085   1.938194   0.023516
  0.116555   1.891496   0.023410
  0.117026   1.855392   0.023328
  0.117496   1.819008   0.023243
  0.117967   1.778716   0.023149
  0.118437   1.730184   0.023070
  0.118908   1.689957   0.022983
  0.119378   1.654225   0.022906
  0.119849   1.609047   0.022819
  0.120319   1.559754   0.022724
  0.120790   1.528064   0.022629
  0.121260   1.498939   0.022556
  0.121731   1.464748   0.022502
  0.122201   1.432919   0.022448
  0.122672   1.380342   0.022337
  0.123142   1.355852   0.022269
  0.123613   1.332605   0.022197
  0.124083   1.325646   0.022139
  0.124554   1.318173   0.022090
  0.125024   1.269574   0.022025
  0.125495   1.244494   0.022071
  0.125965   1.227508   0.022380
  0.126436   1.217070   0.022899
  0.126906   1.184956   0.023307
  0.127377   1.158248   0.023602
  0.127847   1.145650   0.023852
  0.128318   1.110668   0.024057
  0.128788   1.088253   0.024240
  0.129259   1.084211   0.024429
  0.129729   1.056017   0.024594
  0.130200   1.012889   0.024748
  0.130670   1.007049   0.024899
  0.131141   1.024043   0.025008
  0.131611   1.017396   0.025062
  0.132082   0.989402   0.024948
  0.132552   0.964528   0.024425
  0.133023   0.950784   0.023741
  0.133493   0.926710   0.023229
  0.133964   0.907545   0.022882
  0.134434   0.902835   0.022608
  0.134905   0.890030   0.022366
  0.135375   0.885495   0.022171
  0.135846   0.884037   0.021981
  0.136316   0.883122   0.021818
  0.136787   0.860616   0.021632
  0.137257   0.842542   0.021505
  0.137728   0.830803   0.021436
  0.138198   0.819224   0.021373
  0.138669   0.812215   0.021305
  0.139139   0.818656   0.021247
  0.139610   0.830241   0.021195
  0.140080   0.814113   0.021139
  0.140551   0.801880   0.021096
  0.141021   0.801261   0.021041
  0.141492   0.790730   0.020980
  0.141962   0.789423   0.020949
  0.142433   0.792788   0.020910
  0.142903   0.790826   0.020865
  0.143374   0.779787   0.020820
  0.143844   0.768599   0.020771
  0.144315   0.766780   0.020724
  0.144785   0.787353   0.020703
  0.145256   0.790730   0.020664
  0.145726   0.773176   0.020627
  0.146197   0.764269   0.020590
  0.146667   0.766699   0.020535
  0.147138   0.758912   0.020489
  0.147608   0.758665   0.020467
  0.148079   0.764655   0.020430
  0.148549   0.772554   0.020409
  0.149019   0.767497   0.020390
  0.149490   0.757011   0.020454
  0.149960   0.772096   0.020796
  0.150431   0.772251   0.021285
  0.150901   0.779342   0.021672
  0.151372   0.771163   0.021964
  0.151842   0.771233   0.022201
  0.152313   0.767150   0.022264
  0.152783   0.756444   0.021859
  0.153254   0.761992   0.021395
  0.153724   0.783909   0.021064
  0.154195   0.799804   0.020825
  0.154666   0.789370   0.020624
  0.155136   0.774660   0.020464
  0.155607   0.773378   0.020382
  0.156077   0.786906   0.020326
  0.156548   0.794546   0.020249
  0.157018   0.781278   0.020146
  0.157489   0.770034   0.020032
  0.157959   0.759061   0.019933
  0.158430   0.766754   0.019865
  0.158900   0.769727   0.019829
  0.159370   0.775235   0.019809
  0.159841   0.788029   0.019830
  0.160311   0.778834   0.019850
  0.160782   0.768769   0.019856
  0.161252   0.765302   0.019851
  0.161723   0.774178   0.019848
  0.162193   0.783337   0.019815
  0.162664   0.767911   0.019763
  0.163134   0.763698   0.019717
  0.163605   0.788690   0.019703
  0.164075   0.786048   0.019677
  0.164546   0.767253   0.019635
  0.165016   0.770023   0.019607
  0.165487   0.787466   0.019591
  0.165957   0.793400   0.019567
  0.166428   0.788444   0.019542
  0.166898   0.784947   0.019498
  0.167369   0.785705   0.019459
  0.167839   0.790803   0.019423
  0.168310   0.784200   0.019388
  0.168780   0.794759   0.019372
  0.169251   0.781770   0.019348
  0.169721   0.775988   0.019328
  0.170192   0.786425   0.019308
  0.170662   0.788087   0.019279
  0.171133   0.791653   0.019252
  0.171603   0.794881   0.019224
  0.172074   0.788074   0.019184
  0.172544   0.783389   0.019148
  0.173015   0.785843   0.019126
  0.173485   0.798827   0.019103
  0.173956   0.799685   0.019070
  0.174426   0.784838   0.019029
  0.174897   0.772019   0.018996
  0.175367   0.784416   0.018994
  0.175838   0.791058   0.018978
  0.176308   0.780327   0.018946
  0.176779   0.774705   0.018922
  0.177249   0.779444   0.018900
  0.177720   0.779536   0.018865
  0.178190   0.782771   0.018837
  0.178661   0.785397   0.018804
  0.179131   0.789109   0.018789
  0.179602   0.793635   0.018768
  0.180072   0.792818   0.018734
  0.180543   0.777391   0.018691
  0.181013   0.765218   0.018666
  0.181484   0.748042   0.018637
  0.181954   0.741240   0.018601
  0.182425   0.752313   0.018584
  0.182895   0.749000   0.018555
  0.183366   0.751852   0.018532
  0.183836   0.766510   0.018518
  0.184307   0.765868   0.018497
  0.184777   0.774968   0.018467
  0.185248   0.778209   0.018460
  0.185718   0.759626   0.018427
  0.186189   0.753836   0.018389
  0.186659   0.744404   0.018367
  0.187130   0.736956   0.018342
  0.187600   0.736491   0.018316
  0.188071   0.733285   0.018276
  0.188541   0.726996   0.018251
  0.189012   0.725357   0.018234
  0.189482   0.710501   0.018204
  0.189953   0.716962   0.018189
  0.190423   0.720748   0.018169
  0.190894   0.724583   0.018138
  0.191364   0.724670   0.018112
  0.191835   0.722719   0.018093
  0.192305   0.714790   0.018069
  0.192776   0.703144   0.018039
  0.193246   0.693983   0.018001
  0.193717   0.679708   0.017973
  0.194187   0.681000   0.017948
  0.194658   0.681364   0.017917
  0.195128   0.678214   0.017880
  0.195599   0.681574   0.017864
  0.196069   0.682537   0.017835
  0.196540   0.677463   0.017788
  0.197010   0.670184   0.017732
  0.197481   0.666169   0.017693
  0.197951   0.647171   0.017644
  0.198422   0.649945   0.017616
  0.198892   0.640743   0.017584
  0.199363   0.622447   0.017555
  0.199833   0.626779   0.017549
  0.200304   0.625790   0.017545
  0.200774   0.617002   0.017534
  0.201245   0.618897   0.017529
  0.201715   0.612521   0.017532
  0.202186   0.607515   0.017516
  0.202656   0.605241   0.017501
  0.203127   0.602932   0.017479
  0.203597   0.604169   0.017448
  0.204068   0.605981   0.017427
  0.204538   0.600630   0.017397
  0.205009   0.597543   0.017378
  0.205479   0.582779   0.017353
  0.205950   0.580546   0.017365
  0.206420   0.567472   0.017527
  0.206891   0.554846   0.017897
  0.207361   0.557029   0.018203
  0.207832   0.564647   0.018446
  0.208302   0.575353   0.018660
  0.208773   0.569303   0.018837
  0.209243   0.564626   0.018976
  0.209714   0.561404   0.019073
  0.210184   0.534764   0.019123
  0.210655   0.525309   0.019170
  0.211125   0.538630   0.019222
  0.211596   0.543179   0.019272
  0.212066   0.524685   0.019296
  0.212537   0.519706   0.019264
  0.213007   0.527675   0.019029
  0.213478   0.523537   0.018595
  0.213948   0.510924   0.018245
  0.214419   0.491776   0.017989
  0.214889   0.480188   0.017810
  0.215360   0.469751   0.017651
  0.215830   0.478553   0.017542
  0.216301   0.490296   0.017469
  0.216771   0.494518   0.017413
  0.217242   0.491377   0.017360
  0.217712   0.482640   0.017312
  0.218183   0.464458   0.017261
  0.218653   0.453418   0.017218
  0.219123   0.450596   0.017195
  0.219594   0.439225   0.017164
  0.220064   0.438069   0.017121
  0.220535   0.437362   0.017081
  0.221005   0.421397   0.017040
  0.221476   0.419479   0.017015
  0.221946   0.428165   0.016995
  0.222417   0.428047   0.016966
  0.222887   0.429956   0.016932
  0.223358   0.413765   0.016902
  0.223829   0.398436   0.016869
  0.224299   0.407110   0.016850
  0.224770   0.417861   0.016837
  0.225240   0.419778   0.016816
  0.225711   0.407407   0.016769
  0.226181   0.388848   0.016720
  0.226652   0.397076   0.016697
  0.227122   0.402817   0.016686
  0.227593   0.383379   0.016662
  0.228063   0.370252   0.016636
  0.228534   0.359250   0.016606
  0.229004   0.369227   0.016580
  0.229474   0.374159   0.016561
  0.229945   0.364053   0.016530
  0.230415   0.358338   0.016513
  0.230886   0.356480   0.016498
  0.231356   0.355423   0.016475
  0.231827   0.341131   0.016432
  0.232297   0.345892   0.016407
  0.232768   0.348447   0.016399
  0.233238   0.323746   0.016357
  0.233709   0.324004   0.016335
  0.234179   0.343874   0.016331
  0.234650   0.344325   0.016312
  0.235120   0.331963   0.016287
  0.235591   0.325108   0.016262
  0.236061   0.318707   0.016236
  0.236532   0.313949   0.016210
  0.237002   0.302355   0.016179
  0.237473   0.297406   0.016155
  0.237943   0.298784   0.016140
  0.238414   0.296748   0.016123
  0.238884   0.304189   0.016114
  0.239355   0.301645   0.016094
  0.239825   0.293430   0.016066
  0.240296   0.308338   0.016064
  0.240766   0.319378   0.016050
  0.241237   0.317365   0.016025
  0.241707   0.299099   0.016001
  0.242178   0.293633   0.015975
  0.242648   0.292540   0.015961
  0.243119   0.290186   0.015939
  0.243589   0.274325   0.015914
  0.244060   0.268789   0.015897
  0.244530   0.271527   0.015875
  0.245001   0.271659   0.015861
  0.245471   0.282443   0.015849
  0.245942   0.280365   0.015826
  0.246412   0.268572   0.015796
  0.246883   0.259348   0.015769
  0.247353   0.254930   0.015755
  0.247824   0.256248   0.015744
  0.248294   0.252172   0.015728
  0.248765   0.248427   0.015702
  0.249235   0.242808   0.015681
  0.249706   0.238997   0.015677
  0.250176   0.240768   0.015665
  0.250647   0.248637   0.015655
  0.251117   0.244552   0.015636
  0.251588   0.230848   0.015606
  0.252058   0.217817   0.015576
  0.252529   0.221615   0.015569
  0.252999   0.232955   0.015554
  0.253470   0.234446   0.015536
  0.253940   0.234317   0.015535
  0.254411   0.233873   0.015522
  0.254881   0.231011   0.015498
  0.255352   0.217308   0.015455
  0.255822   0.207650   0.015418
  0.256293   0.222332   0.015393
  0.256763   0.225398   0.015371
  0.257234   0.218844   0.015348
  0.257704   0.220960   0.015334
  0.258175   0.215672   0.015320
  0.258645   0.215306   0.015304
  0.259116   0.232780   0.015289
  0.259586   0.231926   0.015274
  0.260057   0.219229   0.015260
  0.260527   0.214394   0.015254
  0.260998   0.202655   0.015240
  0.261468   0.210908   0.015241
  0.261939   0.210481   0.015245
  0.262409   0.204126   0.015233
  0.262880   0.202868   0.015216
  0.263350   0.216230   0.015216
  0.263821   0.218071   0.015198
  0.264291   0.213801   0.015171
  0.264762   0.212165   0.015170
  0.265232   0.210509   0.015156
  0.265703   0.213316   0.015139
  0.266173   0.220976   0.015131
  0.266644   0.220069   0.015117
  0.267114   0.221394   0.015109
  0.267585   0.212956   0.015095
  0.268055   0.193208   0.015066
  0.268526   0.193403   0.015046
  0.268996   0.206966   0.015030
  0.269467   0.209583   0.015031
  0.269937   0.200902   0.015018
  0.270408   0.197286   0.014996
  0.270878   0.201552   0.014989
  0.271349   0.203160   0.014982
  0.271819   0.211888   0.014969
  0.272290   0.206136   0.014942
  0.272760   0.194600   0.014921
  0.273231   0.193200   0.014902
  0.273701   0.204298   0.014894
  0.274172   0.200118   0.014880
  0.274642   0.191211   0.014861
  0.275113   0.195662   0.014849
  0.275583   0.190919   0.014837
  0.276054   0.187840   0.014833
  0.276524   0.193453   0.014825
  0.276995   0.191891   0.014806
  0.277465   0.193073   0.014795
  0.277936   0.187915   0.014775
  0.278406   0.191060   0.014762
  0.278877   0.187288   0.014751
  0.279347   0.185066   0.014742
  0.279818   0.181869   0.014720
  0.280288   0.186477   0.014708
  0.280759   0.191007   0.014703
  0.281229   0.187736   0.014687
  0.281700   0.190046   0.014686
  0.282170   0.178811   0.014671
  0.282641   0.174548   0.014657
  0.283111   0.170332   0.014636
  0.283581   0.170117   0.014619
  0.284052   0.176874   0.014605
  0.284523   0.191142   0.014610
  0.284993   0.198189   0.014597
  0.285463   0.193501   0.014578
  0.285934   0.197993   0.014578
  0.286405   0.208177   0.014609
  0.286875   0.205088   0.014711
  0.287345   0.199674   0.014971
  0.287816   0.192034   0.015209
  0.288287   0.188868   0.015385
  0.288757   0.188816   0.015531
  0.289228   0.197188   0.015648
  0.289698   0.192624   0.015726
  0.290168   0.190569   0.015774
  0.290639   0.191765   0.015817
  0.291110   0.179459   0.015853
  0.291580   0.165284   0.015880
  0.292050   0.171477   0.015914
  0.292521   0.174739   0.015948
  0.292992   0.186389   0.015958
  0.293462   0.184505   0.015809
  0.293932   0.174612   0.015499
  0.294403   0.171866   0.015242
  0.294874   0.181580   0.015079
  0.295344   0.188553   0.014955
  0.295814   0.181217   0.014869
  0.296285   0.178451   0.014814
  0.296755   0.180066   0.014774
  0.297226   0.179252   0.014740
  0.297696   0.173626   0.014708
  0.298167   0.182784   0.014686
  0.298637   0.191958   0.014662
  0.299108   0.173540   0.014632
  0.299578   0.160337   0.014603
  0.300049   0.152524   0.014575
  0.300519   0.150392   0.014556
  0.300990   0.162452   0.014541
  0.301460   0.181898   0.014529
  0.301931   0.178187   0.014504
  0.302401   0.170409   0.014483
  0.302872   0.166445   0.014473
  0.303342   0.168552   0.014459
  0.303813   0.174885   0.014447
  0.304283   0.175359   0.014421
  0.304754   0.168238   0.014401
  0.305224   0.169242   0.014389
  0.305695   0.170081   0.014368
  0.306165   0.163044   0.014342
  0.306636   0.166894   0.014325
  0.307106   0.186654   0.014321
  0.307577   0.180310   0.014305
  0.308047   0.170471   0.014291
  0.308518   0.175172   0.014283
  0.308988   0.177067   0.014264
  0.309459   0.161687   0.014241
  0.309929   0.163236   0.014232
  0.310400   0.174811   0.014227
  0.310870   0.163945   0.014210
  0.311341   0.159061   0.014195
  0.311811   0.163395   0.014182
  0.312282   0.162677   0.014165
  0.312752   0.163823   0.014148
  0.313223   0.163120   0.014133
  0.313693   0.154772   0.014118
  0.314164   0.159364   0.014114
  0.314634   0.159219   0.014108
  0.315105   0.173760   0.014097
  0.315575   0.183416   0.014090
  0.316046   0.176286   0.014084
  0.316516   0.167873   0.014055
  0.316987   0.169547   0.014031
  0.317457   0.157731   0.014012
  0.317928   0.160137   0.014008
  0.318398   0.160637   0.014000
  0.318869   0.157504   0.013984
  0.319339   0.153085   0.013969
  0.319810   0.152392   0.013958
  0.320280   0.159859   0.013949
  0.320751   0.157654   0.013934
  0.321221   0.162968   0.013919
  0.321692   0.159717   0.013910
  0.322162   0.164485   0.013896
  0.322633   0.159720   0.013888
  0.323103   0.152887   0.013872
  0.323574   0.152052   0.013861
  0.324044   0.150064   0.013843
  0.324515   0.147905   0.013816
  0.324985   0.147242   0.013797
  0.325456   0.153076   0.013788
  0.325926   0.152788   0.013773
  0.326397   0.154988   0.013766
  0.326867   0.158343   0.013755
  0.327338   0.158685   0.013743
  0.327808   0.152991   0.013729
  0.328279   0.144776   0.013712
  0.328749   0.147300   0.013701
  0.329220   0.151758   0.013693
  0.329690   0.162729   0.013693
  0.330161   0.161530   0.013700
  0.330631   0.156311   0.013705
  0.331102   0.151798   0.013692
  0.331572   0.148366   0.013677
  0.332043   0.154347   0.013669
  0.332513   0.161265   0.013662
  0.332984   0.167690   0.013654
  0.333454   0.158174   0.013642
  0.333925   0.148097   0.013630
  0.334395   0.148944   0.013626
  0.334866   0.157403   0.013619
  0.335336   0.158499   0.013600
  0.335807   0.143622   0.013583
  0.336277   0.139100   0.013575
  0.336748   0.151603   0.013572
  0.337218   0.158930   0.013637
  0.337689   0.160303   0.013860
  0.338159   0.155474   0.014093
  0.338630   0.151030   0.014251
  0.339100   0.143525   0.014342
  0.339571   0.147997   0.014397
  0.340041   0.154948   0.014445
  0.340512   0.141285   0.014461
  0.340982   0.139298   0.014465
  0.341453   0.146630   0.014479
  0.341923   0.151977   0.014509
  0.342394   0.143569   0.014536
  0.342864   0.139267   0.014565
  0.343335   0.147706   0.014594
  0.343805   0.144404   0.014617
  0.344276   0.135127   0.014641
  0.344746   0.136429   0.014668
  0.345217   0.140158   0.014691
  0.345687   0.149918   0.014716
  0.346158   0.148401   0.014735
  0.346628   0.137150   0.014751
  0.347099   0.129426   0.014767
  0.347569   0.146494   0.014794
  0.348040   0.154650   0.014818
  0.348510   0.164477   0.014840
  0.348981   0.160681   0.014859
  0.349451   0.161741   0.014873
  0.349921   0.157315   0.014889
  0.350392   0.158504   0.014906
  0.350863   0.157534   0.014910
  0.351333   0.151556   0.014925
  0.351803   0.159304   0.014954
  0.352274   0.161665   0.014963
  0.352745   0.153105   0.014978
  0.353215   0.135149   0.014983
  0.353685   0.134355   0.014992
  0.354156   0.137884   0.015016
  0.354627   0.151295   0.015036
  0.355097   0.156786   0.015051
  0.355567   0.148797   0.015061
  0.356038   0.144420   0.015064
  0.356509   0.134017   0.015067
  0.356979   0.128385   0.015080
  0.357449   0.141622   0.015109
  0.357920   0.151209   0.015124
  0.358391   0.156137   0.015129
  0.358861   0.146664   0.015135
  0.359332   0.139091   0.015142
  0.359802   0.142284   0.015161
  0.360272   0.155216   0.015170
  0.360743   0.155938   0.015160
  0.361214   0.152904   0.015156
  0.361684   0.151742   0.015141
  0.362154   0.147779   0.015127
  0.362625   0.149816   0.015120
  0.363095   0.143549   0.015120
  0.363566   0.137552   0.015127
  0.364036   0.142241   0.015141
  0.364507   0.145681   0.015155
  0.364977   0.147499   0.015167
  0.365448   0.144857   0.015178
  0.365918   0.146336   0.015182
  0.366389   0.144226   0.015192
  0.366859   0.138867   0.015246
  0.367330   0.136907   0.015458
  0.367800   0.139579   0.015878
  0.368271   0.127149   0.016210
  0.368741   0.135005   0.016445
  0.369212   0.155152   0.016651
  0.369682   0.156623   0.016786
  0.370153   0.140103   0.016899
  0.370623   0.127155   0.016991
  0.371094   0.131517   0.017078
  0.371564   0.148245   0.017177
  0.372035   0.151503   0.017273
  0.372505   0.156036   0.017357
  0.372976   0.147170   0.017424
  0.373446   0.147062   0.017509
  0.373917   0.141911   0.017597
  0.374387   0.127723   0.017676
  0.374858   0.133025   0.017765
  0.375328   0.149644   0.017843
  0.375799   0.146751   0.017916
  0.376269   0.132263   0.017973
  0.376740   0.129782   0.018046
  0.377210   0.134227   0.018127
  0.377681   0.138572   0.018206
  0.378151   0.148570   0.018287
  0.378622   0.146990   0.018365
  0.379092   0.155574   0.018425
  0.379563   0.151715   0.018485
  0.380033   0.140718   0.018555
  0.380504   0.138111   0.018632
  0.380974   0.146280   0.018707
  0.381445   0.156481   0.018777
  0.381915   0.148494   0.018842
  0.382386   0.142122   0.018921
  0.382856   0.160307   0.019018
  0.383327   0.181856   0.019103
  0.383797   0.171443   0.019163
  0.384268   0.157779   0.019222
  0.384738   0.151431   0.019275
  0.385209   0.141513   0.019336
  0.385679   0.130364   0.019405
  0.386150   0.140568   0.019483
  0.386620   0.139810   0.019548
  0.387091   0.148439   0.019616
  0.387561   0.167055   0.019689
  0.388032   0.161085   0.019768
  0.388502   0.155072   0.019842
  0.388973   0.168301   0.019908
  0.389443   0.163418   0.019980
  0.389914   0.157546   0.020055
  0.390384   0.154724   0.020124
  0.390855   0.152099   0.020206
  0.391325   0.134804   0.020281
  0.391796   0.150690   0.020356
  0.392266   0.156031   0.020408
  0.392737   0.149435   0.020469
  0.393207   0.147798   0.020549
  0.393678   0.156610   0.020626
  0.394148   0.147246   0.020679
  0.394619   0.142554   0.020747
  0.395089   0.140672   0.020812
  0.395560   0.134483   0.020869
  0.396030   0.125593   0.020895
  0.396501   0.120612   0.020912
  0.396971   0.136459   0.020909
  0.397442   0.151745   0.020885
  0.397912   0.143204   0.020881
  0.398383   0.146135   0.020902
  0.398853   0.151963   0.020952
  0.399324   0.168166   0.021033
  0.399794   0.164548   0.021103
  0.400265   0.155604   0.021164
  0.400735   0.137846   0.021212
  0.401206   0.129236   0.021291
  0.401676   0.132510   0.021354
  0.402147   0.144851   0.021426
  0.402617   0.149368   0.021512
  0.403088   0.154639   0.021586
  0.403558   0.146515   0.021656
  0.404029   0.133346   0.021718
  0.404499   0.125915   0.021782
  0.404970   0.140516   0.021869
  0.405440   0.152715   0.021956
  0.405911   0.164794   0.022044
  0.406381   0.152238   0.022099
  0.406852   0.139608   0.022146
  0.407322   0.144339   0.022230
  0.407793   0.151465   0.022324
  0.408263   0.151818   0.022409
  0.408734   0.161300   0.022483
  0.409204   0.159612   0.022541
  0.409675   0.160426   0.022639
  0.410145   0.149944   0.022726
  0.410616   0.151437   0.022812
  0.411086   0.152470   0.022880
  0.411557   0.150869   0.022957
  0.412027   0.149487   0.023055
  0.412498   0.139673   0.023122
  0.412968   0.130747   0.023209
  0.413439   0.136694   0.023313
  0.413909   0.135325   0.023386
  0.414380   0.145733   0.023477
  0.414850   0.147576   0.023559
  0.415320   0.150578   0.023630
  0.415791   0.152352   0.023718
  0.416262   0.162403   0.023810
  0.416732   0.166609   0.023900
  0.417202   0.149714   0.023975
  0.417673   0.135436   0.024074
  0.418144   0.130368   0.024161
  0.418614   0.133344   0.024248
  0.419085   0.141800   0.024345
  0.419555   0.137207   0.024441
  0.420025   0.127456   0.024519
  0.420496   0.124650   0.024613
  0.420967   0.135417   0.024705
  0.421437   0.145055   0.024806
  0.421907   0.148800   0.024919
  0.422378   0.156604   0.025035
  0.422849   0.152905   0.025127
  0.423319   0.154860   0.025219
  0.423789   0.152927   0.025292
  0.424260   0.151412   0.025398
  0.424731   0.160075   0.025512
  0.425201   0.175229   0.025624
  0.425671   0.173017   0.025692
  0.426142   0.142411   0.025791
  0.426613   0.126877   0.025901
  0.427083   0.107384   0.025985
  0.427553   0.105442   0.026096
  0.428024   0.139293   0.026261
  0.428494   0.152341   0.026358
  0.428965   0.158738   0.026442
  0.429435   0.139958   0.026555
  0.429906   0.124846   0.026661
  0.430376   0.132253   0.026762
  0.430847   0.146284   0.026895
  0.431317   0.135287   0.026992
  0.431788   0.125111   0.027102
  0.432258   0.131960   0.027251
  0.432729   0.133102   0.027380
  0.433199   0.115748   0.027477
  0.433670   0.113800   0.027616
  0.434140   0.121972   0.027734
  0.434611   0.134291   0.027864
  0.435081   0.130534   0.027963
  0.435552   0.146003   0.028057
  0.436022   0.152005   0.028169
  0.436493   0.130202   0.028308
  0.436963   0.138696   0.028457
  0.437434   0.133968   0.028586
  0.437904   0.124862   0.028688
  0.438375   0.129962   0.028807
  0.438845   0.127864   0.028956
  0.439316   0.117121   0.029094
  0.439786   0.123973   0.029235
  0.440257   0.160037   0.029421
  0.440727   0.167055   0.029565
  0.441198   0.178938   0.029716
  0.441668   0.183915   0.029849
  0.442139   0.167416   0.029999
  0.442609   0.135617   0.030105
  0.443080   0.111605   0.030115
  0.443550   0.109200   0.030147
  0.444021   0.113837   0.030159
  0.444491   0.133408   0.030187
  0.444962   0.152854   0.030245
  0.445432   0.145847   0.030257
  0.445903   0.154906   0.030262
  0.446373   0.144729   0.030304
  0.446844   0.138098   0.030360
  0.447314   0.113958   0.030462
  0.447785   0.134964   0.030643
  0.448255   0.119424   0.030806
  0.448726   0.116398   0.030947
  0.449196   0.119135   0.031084
  0.449667   0.127610   0.031234
